(* Content-type: application/vnd.wolfram.mathematica *)

(*** Wolfram Notebook File ***)
(* http://www.wolfram.com/nb *)

(* CreatedBy='Mathematica 8.0' *)

(*CacheID: 234*)
(* Internal cache information:
NotebookFileLineBreakTest
NotebookFileLineBreakTest
NotebookDataPosition[       157,          7]
NotebookDataLength[    101907,       2192]
NotebookOptionsPosition[     98182,       2079]
NotebookOutlinePosition[     99789,       2129]
CellTagsIndexPosition[     99461,       2117]
WindowFrame->Normal*)

(* Beginning of Notebook Content *)
Notebook[{

Cell[CellGroupData[{
Cell["Voronoi Diagram on a Sphere", "DemoTitle",
 CellChangeTimes->{{3.508892549914923*^9, 3.5088925547704086`*^9}}],

Cell["", "InitializationSection"],

Cell[CellGroupData[{

Cell["", "ManipulateSection"],

Cell[CellGroupData[{

Cell[BoxData[
 RowBox[{"Manipulate", "[", "\[IndentingNewLine]", 
  RowBox[{
   RowBox[{"EventHandler", "[", 
    RowBox[{
     RowBox[{"Style", "[", 
      RowBox[{
       RowBox[{"Graphics3D", "[", "\[IndentingNewLine]", 
        RowBox[{
         RowBox[{"{", 
          RowBox[{
           RowBox[{"Dynamic", "@", 
            RowBox[{"If", "[", 
             RowBox[{
              RowBox[{"!", "s"}], ",", "\[IndentingNewLine]", 
              RowBox[{"{", 
               RowBox[{
                RowBox[{"Opacity", "[", ".75", "]"}], ",", 
                RowBox[{"Sphere", "[", "]"}]}], "}"}], ",", 
              "\[IndentingNewLine]", 
              RowBox[{
               RowBox[{"nf", "=", 
                RowBox[{"Nearest", "[", 
                 RowBox[{"pp", "\[Rule]", "Automatic"}], "]"}]}], ";", 
               "\[IndentingNewLine]", 
               RowBox[{"First", "@", 
                RowBox[{"ParametricPlot3D", "[", 
                 RowBox[{
                  RowBox[{"{", 
                   RowBox[{
                    RowBox[{
                    RowBox[{"Cos", "[", "u", "]"}], 
                    RowBox[{"Sin", "[", "v", "]"}]}], ",", 
                    RowBox[{
                    RowBox[{"Sin", "[", "u", "]"}], 
                    RowBox[{"Sin", "[", "v", "]"}]}], ",", 
                    RowBox[{"Cos", "[", "v", "]"}]}], "}"}], ",", 
                  RowBox[{"{", 
                   RowBox[{"v", ",", "0", ",", "Pi"}], "}"}], ",", 
                  RowBox[{"{", 
                   RowBox[{"u", ",", "0", ",", 
                    RowBox[{"2", "Pi"}]}], "}"}], ",", "\[IndentingNewLine]", 
                  RowBox[{"MaxRecursion", "\[Rule]", 
                   RowBox[{"ControlActive", "[", 
                    RowBox[{"1", ",", "Automatic"}], "]"}]}], ",", 
                  RowBox[{"PlotPoints", "\[Rule]", 
                   RowBox[{"ControlActive", "[", 
                    RowBox[{"Automatic", ",", "50"}], "]"}]}], ",", 
                  "\[IndentingNewLine]", 
                  RowBox[{"MeshStyle", "\[Rule]", "None"}], ",", 
                  RowBox[{"Mesh", "\[Rule]", 
                   RowBox[{"{", 
                    RowBox[{"Range", "[", 
                    RowBox[{
                    RowBox[{"3", "/", "2"}], ",", 
                    RowBox[{
                    RowBox[{"Length", "@", "pp"}], "-", 
                    RowBox[{"1", "/", "2"}]}]}], "]"}], "}"}]}], ",", 
                  "\[IndentingNewLine]", 
                  RowBox[{"MeshShading", "\[Rule]", 
                   RowBox[{"Hue", "/@", 
                    RowBox[{"(", 
                    RowBox[{
                    RowBox[{"Range", "@", 
                    RowBox[{"Length", "@", "pp"}]}], "/", 
                    RowBox[{"Length", "@", "pp"}]}], ")"}]}]}], ",", 
                  "\[IndentingNewLine]", 
                  RowBox[{"MeshFunctions", "\[Rule]", 
                   RowBox[{"{", 
                    RowBox[{
                    RowBox[{"First", "@", 
                    RowBox[{"nf", "[", 
                    RowBox[{
                    RowBox[{"{", 
                    RowBox[{"#", ",", "#2", ",", "#3"}], "}"}], ",", "1"}], 
                    "]"}]}], "&"}], "}"}]}]}], "]"}]}]}]}], "]"}]}], ",", 
           "\[IndentingNewLine]", 
           RowBox[{"Dynamic", "@", 
            RowBox[{"vd", "@", "pp"}]}], ",", "\[IndentingNewLine]", 
           RowBox[{"{", 
            RowBox[{"Red", ",", 
             RowBox[{"Sphere", "[", 
              RowBox[{
               RowBox[{"Dynamic", "@", "pp"}], ",", ".05"}], "]"}]}], "}"}]}],
           "}"}], ",", "\[IndentingNewLine]", 
         RowBox[{"Boxed", "\[Rule]", "False"}], ",", 
         RowBox[{"PlotRange", "\[Rule]", "1.1"}], ",", "\[IndentingNewLine]", 
         RowBox[{"Epilog", "\[Rule]", 
          RowBox[{"Inset", "[", 
           RowBox[{
            RowBox[{"Style", "[", 
             RowBox[{"\"\<Shift+mouseover\>\"", ",", "\[IndentingNewLine]", 
              RowBox[{"FontColor", "\[Rule]", 
               RowBox[{"Dynamic", "@", 
                RowBox[{"If", "[", 
                 RowBox[{
                  RowBox[{"CurrentValue", "[", "\"\<ShiftKey\>\"", "]"}], ",",
                   "Black", ",", "Gray"}], "]"}]}]}]}], "]"}], ",", 
            "\[IndentingNewLine]", 
            RowBox[{"{", 
             RowBox[{"Right", ",", "Bottom"}], "}"}], ",", 
            RowBox[{"{", 
             RowBox[{"Right", ",", "Bottom"}], "}"}]}], "]"}]}], ",", 
         "\[IndentingNewLine]", 
         RowBox[{"ImageSize", "\[Rule]", 
          RowBox[{"{", 
           RowBox[{"Automatic", ",", "400"}], "}"}]}], ",", 
         RowBox[{"RotationAction", "\[Rule]", "\"\<Clip\>\""}]}], "]"}], ",", 
       "\[IndentingNewLine]", 
       RowBox[{"Deployed", "\[Rule]", 
        RowBox[{"Dynamic", "@", 
         RowBox[{"CurrentValue", "[", "\"\<ShiftKey\>\"", "]"}]}]}]}], "]"}], 
     ",", "\[IndentingNewLine]", 
     RowBox[{"\"\<MouseMoved\>\"", "\[RuleDelayed]", "\[IndentingNewLine]", 
      RowBox[{"If", "[", 
       RowBox[{
        RowBox[{"CurrentValue", "[", "\"\<ShiftKey\>\"", "]"}], ",", 
        "\[IndentingNewLine]", 
        RowBox[{
         RowBox[{
          RowBox[{"(", 
           RowBox[{
            RowBox[{"pp", "[", 
             RowBox[{"[", 
              RowBox[{"First", "@", 
               RowBox[{"Ordering", "[", 
                RowBox[{
                 RowBox[{
                  RowBox[{"Function", "[", 
                   RowBox[{"pt", ",", 
                    RowBox[{
                    RowBox[{"(", 
                    RowBox[{"pt", "-", "#"}], ")"}], ".", 
                    RowBox[{"(", 
                    RowBox[{"pt", "-", "#"}], ")"}]}]}], "]"}], "/@", "pp"}], 
                 ",", "1"}], "]"}]}], "]"}], "]"}], "=", "#"}], ")"}], "&"}], 
         "@", "\[IndentingNewLine]", 
         RowBox[{"Normalize", "@", 
          RowBox[{"First", "@", 
           RowBox[{"MousePosition", "[", 
            RowBox[{"\"\<Graphics3DBoxIntercepts\>\"", ",", 
             RowBox[{"{", 
              RowBox[{
               RowBox[{"{", 
                RowBox[{
                 RowBox[{"-", "1."}], ",", 
                 RowBox[{"-", "1."}], ",", 
                 RowBox[{"-", "1."}]}], "}"}], ",", 
               RowBox[{"{", 
                RowBox[{"1.", ",", "1.", ",", "1."}], "}"}]}], "}"}]}], 
            "]"}]}]}]}]}], "]"}]}]}], "]"}], ",", "\[IndentingNewLine]", 
   RowBox[{"{", 
    RowBox[{
     RowBox[{"{", 
      RowBox[{"n", ",", "4", ",", "\"\<number of points\>\""}], "}"}], ",", 
     "4", ",", "15", ",", "1", ",", "\[IndentingNewLine]", 
     RowBox[{
      RowBox[{"Manipulator", "[", 
       RowBox[{
        RowBox[{"Dynamic", "[", 
         RowBox[{"n", ",", "\[IndentingNewLine]", 
          RowBox[{
           RowBox[{"If", "[", 
            RowBox[{
             RowBox[{
              RowBox[{"(", 
               RowBox[{"n", "=", "#"}], ")"}], "<", 
              RowBox[{"Length", "@", "pp"}]}], ",", "\[IndentingNewLine]", 
             RowBox[{"pp", "=", 
              RowBox[{"Take", "[", 
               RowBox[{"pp", ",", "n"}], "]"}]}], ",", "\[IndentingNewLine]", 
             RowBox[{"pp", "=", 
              RowBox[{"Join", "[", 
               RowBox[{"pp", ",", 
                RowBox[{"Normalize", "/@", 
                 RowBox[{"RandomReal", "[", 
                  RowBox[{
                   RowBox[{"NormalDistribution", "[", "]"}], ",", 
                   RowBox[{"{", 
                    RowBox[{
                    RowBox[{"n", "-", 
                    RowBox[{"Length", "@", "pp"}]}], ",", "3"}], "}"}]}], 
                  "]"}]}]}], "]"}]}]}], "]"}], "&"}]}], "]"}], ",", "#2", ",",
         "\[IndentingNewLine]", 
        RowBox[{"Appearance", "\[Rule]", "\"\<Labeled\>\""}]}], "]"}], 
      "&"}]}], "}"}], ",", "\[IndentingNewLine]", 
   RowBox[{"{", 
    RowBox[{
     RowBox[{"{", 
      RowBox[{"s", ",", "False", ",", "\"\<fill regions\>\""}], "}"}], ",", 
     RowBox[{"{", 
      RowBox[{"True", ",", "False"}], "}"}], ",", "Checkbox"}], "}"}], ",", 
   "\[IndentingNewLine]", 
   RowBox[{"{", 
    RowBox[{
     RowBox[{"{", 
      RowBox[{"pp", ",", 
       RowBox[{"Normalize", "/@", 
        RowBox[{"RandomReal", "[", 
         RowBox[{
          RowBox[{"NormalDistribution", "[", "]"}], ",", 
          RowBox[{"{", 
           RowBox[{"4", ",", "3"}], "}"}]}], "]"}]}]}], "}"}], ",", "None"}], 
    "}"}], ",", "\[IndentingNewLine]", 
   RowBox[{"{", 
    RowBox[{"nf", ",", "None"}], "}"}], ",", "\[IndentingNewLine]", 
   RowBox[{"AutorunSequencing", "\[Rule]", 
    RowBox[{"{", "2", "}"}]}], ",", "\[IndentingNewLine]", 
   RowBox[{"Initialization", "\[RuleDelayed]", "\[IndentingNewLine]", 
    RowBox[{"(", 
     RowBox[{"(*", 
      RowBox[{
       RowBox[{"Needs", "[", "\"\<TetGenLink`\>\"", "]"}], ";"}], "*)"}], 
     "\[IndentingNewLine]", 
     RowBox[{
      RowBox[{"With", "[", 
       RowBox[{
        RowBox[{"{", 
         RowBox[{"$TetGenLibrary", "=", 
          RowBox[{"FileNameJoin", "[", 
           RowBox[{"{", 
            RowBox[{
            "$InstallationDirectory", ",", "\"\<SystemFiles\>\"", ",", 
             "\"\<Links\>\"", ",", "\"\<TetGenLink\>\"", ",", 
             "\[IndentingNewLine]", "\"\<LibraryResources\>\"", ",", 
             "$SystemID", ",", 
             RowBox[{"\"\<tetgenWolfram.\>\"", "~~", 
              RowBox[{"Which", "[", "\[IndentingNewLine]", 
               RowBox[{
                RowBox[{"StringMatchQ", "[", 
                 RowBox[{"$SystemID", ",", 
                  RowBox[{"\"\<Windows\>\"", "~~", "___"}]}], "]"}], ",", 
                "\"\<dll\>\"", ",", "\[IndentingNewLine]", 
                RowBox[{"StringMatchQ", "[", 
                 RowBox[{"$SystemID", ",", 
                  RowBox[{"\"\<Mac\>\"", "~~", "___"}]}], "]"}], ",", 
                "\"\<dylib\>\"", ",", "\[IndentingNewLine]", "_", ",", 
                "\"\<so\>\""}], "]"}]}]}], "}"}], "]"}]}], "}"}], ",", 
        "\[IndentingNewLine]", 
        RowBox[{
         RowBox[{"instanceFun", "=", 
          RowBox[{"LibraryFunctionLoad", "[", 
           RowBox[{"$TetGenLibrary", ",", "\"\<newTetGenInstance\>\"", ",", 
            RowBox[{"{", "}"}], ",", "Integer"}], "]"}]}], ";", 
         "\[IndentingNewLine]", 
         RowBox[{"setPointsFun", "=", 
          RowBox[{"LibraryFunctionLoad", "[", 
           RowBox[{"$TetGenLibrary", ",", "\"\<setPointList\>\"", ",", 
            RowBox[{"{", 
             RowBox[{"Integer", ",", 
              RowBox[{"{", 
               RowBox[{"Real", ",", "2", ",", "\"\<Shared\>\""}], "}"}]}], 
             "}"}], ",", "Integer"}], "]"}]}], ";", "\[IndentingNewLine]", 
         RowBox[{"tetrahedralizeFun", "=", 
          RowBox[{"LibraryFunctionLoad", "[", 
           RowBox[{
           "$TetGenLibrary", ",", "\"\<tetrahedralizeFun\>\"", ",", 
            "LinkObject", ",", "LinkObject"}], "]"}]}], ";", 
         "\[IndentingNewLine]", 
         RowBox[{"getPointsFun", "=", 
          RowBox[{"LibraryFunctionLoad", "[", 
           RowBox[{"$TetGenLibrary", ",", "\"\<getPointList\>\"", ",", 
            RowBox[{"{", "Integer", "}"}], ",", 
            RowBox[{"{", 
             RowBox[{"Real", ",", "_"}], "}"}]}], "]"}]}], ";", 
         "\[IndentingNewLine]", 
         RowBox[{"getFacesFun", "=", 
          RowBox[{"LibraryFunctionLoad", "[", 
           RowBox[{"$TetGenLibrary", ",", "\"\<getFaces\>\"", ",", 
            RowBox[{"{", "Integer", "}"}], ",", 
            RowBox[{"{", 
             RowBox[{"Integer", ",", "2"}], "}"}]}], "]"}]}], ";", 
         "\[IndentingNewLine]", 
         RowBox[{"deleteFun", "=", 
          RowBox[{"LibraryFunctionLoad", "[", 
           RowBox[{"$TetGenLibrary", ",", "\"\<deleteTetGenInstance\>\"", ",", 
            RowBox[{"{", "Integer", "}"}], ",", "Integer"}], "]"}]}]}]}], 
       "]"}], ";", "\[IndentingNewLine]", 
      RowBox[{
       RowBox[{"ch", "[", "pts_", "]"}], ":=", 
       RowBox[{"Module", "[", "\[IndentingNewLine]", 
        RowBox[{
         RowBox[{"{", 
          RowBox[{"inInst", ",", "outInst"}], "}"}], ",", 
         "\[IndentingNewLine]", 
         RowBox[{
          RowBox[{
           RowBox[{"{", 
            RowBox[{"inInst", ",", "outInst"}], "}"}], "=", 
           RowBox[{"instanceFun", "@@@", 
            RowBox[{"{", 
             RowBox[{
              RowBox[{"{", "}"}], ",", 
              RowBox[{"{", "}"}]}], "}"}]}]}], ";", "\[IndentingNewLine]", 
          RowBox[{"setPointsFun", "[", 
           RowBox[{"inInst", ",", 
            RowBox[{"Developer`ToPackedArray", "@", 
             RowBox[{"N", "@", "pts"}]}]}], "]"}], ";", "\[IndentingNewLine]", 
          RowBox[{"tetrahedralizeFun", "[", 
           RowBox[{"\"\<-E\>\"", ",", "inInst", ",", "outInst"}], "]"}], ";", 
          "\[IndentingNewLine]", 
          RowBox[{
           RowBox[{
            RowBox[{"(", 
             RowBox[{
              RowBox[{"deleteFun", "/@", 
               RowBox[{"{", 
                RowBox[{"inInst", ",", "outInst"}], "}"}]}], ";", "#"}], 
             ")"}], "&"}], "@", "\[IndentingNewLine]", 
           RowBox[{"{", 
            RowBox[{
             RowBox[{"getPointsFun", "@", "outInst"}], ",", 
             RowBox[{
              RowBox[{"getFacesFun", "@", "outInst"}], "+", "1"}]}], 
            "}"}]}]}]}], "]"}]}], ";", "\[IndentingNewLine]", 
      "\[IndentingNewLine]", 
      RowBox[{
       RowBox[{"vd", "[", 
        RowBox[{"pts_", "/;", 
         RowBox[{
          RowBox[{"Length", "@", "pts"}], ">", "3"}]}], "]"}], ":=", 
       RowBox[{"Module", "[", "\[IndentingNewLine]", 
        RowBox[{
         RowBox[{"{", 
          RowBox[{"verts", ",", "polys", ",", "voronoiverts", ",", "segs"}], 
          "}"}], ",", "\[IndentingNewLine]", 
         RowBox[{
          RowBox[{
           RowBox[{"{", 
            RowBox[{"verts", ",", "polys"}], "}"}], "=", 
           RowBox[{"(*", "TetGenLink`TetGenConvexHull", "*)"}], 
           RowBox[{"ch", "@", "pts"}]}], ";", "\[IndentingNewLine]", 
          RowBox[{"voronoiverts", "=", 
           RowBox[{"Normalize", "/@", "\[IndentingNewLine]", 
            RowBox[{
             RowBox[{"(", 
              RowBox[{
               RowBox[{"Cross", "[", 
                RowBox[{
                 RowBox[{
                  RowBox[{"verts", "[", 
                   RowBox[{"[", "#3", "]"}], "]"}], "-", 
                  RowBox[{"verts", "[", 
                   RowBox[{"[", "#", "]"}], "]"}]}], ",", 
                 RowBox[{
                  RowBox[{"verts", "[", 
                   RowBox[{"[", "#2", "]"}], "]"}], "-", 
                  RowBox[{"verts", "[", 
                   RowBox[{"[", "#", "]"}], "]"}]}]}], "]"}], "&"}], ")"}], "@@@",
              "polys"}]}]}], ";", "\[IndentingNewLine]", 
          RowBox[{"segs", "=", 
           RowBox[{
            RowBox[{
             RowBox[{"If", "[", 
              RowBox[{
               RowBox[{
                RowBox[{"Length", "[", 
                 RowBox[{"Intersection", "@@", 
                  RowBox[{"polys", "[", 
                   RowBox[{"[", 
                    RowBox[{"{", "##", "}"}], "]"}], "]"}]}], "]"}], "<", 
                "2"}], ",", 
               RowBox[{"{", "}"}], ",", "\[IndentingNewLine]", 
               RowBox[{"ParametricPlot3D", "[", "\[IndentingNewLine]", 
                RowBox[{
                 RowBox[{
                  RowBox[{"Normalize", "[", 
                   RowBox[{
                    RowBox[{
                    RowBox[{"voronoiverts", "[", 
                    RowBox[{"[", "#", "]"}], "]"}], "t"}], "+", 
                    RowBox[{
                    RowBox[{"voronoiverts", "[", 
                    RowBox[{"[", "#2", "]"}], "]"}], 
                    RowBox[{"(", 
                    RowBox[{"1", "-", "t"}], ")"}]}]}], "]"}], "//", 
                  "\[IndentingNewLine]", "Evaluate"}], ",", 
                 RowBox[{"{", 
                  RowBox[{"t", ",", "0", ",", "1"}], "}"}], ",", 
                 RowBox[{"PlotStyle", "\[Rule]", 
                  RowBox[{"AbsoluteThickness", "[", "2", "]"}]}]}], "]"}]}], 
              "\[IndentingNewLine]", "]"}], "&"}], "@@@", 
            RowBox[{"Subsets", "[", 
             RowBox[{
              RowBox[{"Range", "@", 
               RowBox[{"Length", "@", "polys"}]}], ",", 
              RowBox[{"{", "2", "}"}]}], "]"}]}]}], ";", 
          "\[IndentingNewLine]", 
          RowBox[{"First", "@", 
           RowBox[{"Show", "[", "segs", "]"}]}]}]}], "]"}]}]}], ")"}]}]}], 
  "]"}]], "Input",
 CellChangeTimes->{
  3.5088925794708786`*^9, {3.50895358684375*^9, 3.5089536380625*^9}, {
   3.508953675546875*^9, 3.508953677109375*^9}, {3.508953714765625*^9, 
   3.508953719671875*^9}, {3.509125397979497*^9, 3.509125407077005*^9}, {
   3.513648358421875*^9, 3.513648385453125*^9}, {3.513648426796875*^9, 
   3.513648439328125*^9}, {3.513653043984375*^9, 3.513653057484375*^9}, {
   3.5140647036772785`*^9, 3.514064770873623*^9}, {3.5140660541542873`*^9, 
   3.5140660611744275`*^9}, {3.5140673198320417`*^9, 3.5140673330843673`*^9}}],

Cell[BoxData[
 TagBox[
  StyleBox[
   DynamicModuleBox[{$CellContext`n$$ = 4, $CellContext`nf$$ = 
    0, $CellContext`pp$$ = {{
    0.7082890579798903, -0.5274110354762404, -0.4692165917823448}, {
    0.6394104065002012, -0.7215463319976438, 
    0.26556585405505967`}, {-0.3637805348584968, -0.13759690450706347`, 
    0.9212658760250161}, {0.7400634551897394, -0.06878219874329108, 
    0.6690105316276144}}, $CellContext`s$$ = False, Typeset`show$$ = True, 
    Typeset`bookmarkList$$ = {}, Typeset`bookmarkMode$$ = "Menu", 
    Typeset`animator$$, Typeset`animvar$$ = 1, Typeset`name$$ = 
    "\"untitled\"", Typeset`specs$$ = {{{
       Hold[$CellContext`n$$], 4, "number of points"}, 4, 15, 1, 
      Dynamic[Manipulator[
        Dynamic[$CellContext`n$$, 
         If[($CellContext`n$$ = #) < 
          Length[$CellContext`pp$$], $CellContext`pp$$ = 
          Take[$CellContext`pp$$, $CellContext`n$$], $CellContext`pp$$ = 
          Join[$CellContext`pp$$, 
            Map[Normalize, 
             RandomReal[
              
              NormalDistribution[], {$CellContext`n$$ - 
               Length[$CellContext`pp$$], 3}]]]]& ], #2, Appearance -> 
        "Labeled"]& ]}, {{
       Hold[$CellContext`s$$], False, "fill regions"}, {True, False}}, {{
       Hold[$CellContext`pp$$], {{
       0.7082890579798903, -0.5274110354762404, -0.4692165917823448}, {
       0.6394104065002012, -0.7215463319976438, 
       0.26556585405505967`}, {-0.3637805348584968, -0.13759690450706347`, 
       0.9212658760250161}, {0.7400634551897394, -0.06878219874329108, 
       0.6690105316276144}}}, 0}, {
      Hold[$CellContext`nf$$], 0}}, Typeset`size$$ = {368., {198., 202.}}, 
    Typeset`update$$ = 0, Typeset`initDone$$, Typeset`skipInitDone$$ = 
    False, $CellContext`s$17369$$ = False}, 
    DynamicBox[Manipulate`ManipulateBoxes[
     1, StandardForm, 
      "Variables" :> {$CellContext`n$$ = 4, $CellContext`nf$$ = 
        0, $CellContext`pp$$ = {{
         0.7082890579798903, -0.5274110354762404, -0.4692165917823448}, {
         0.6394104065002012, -0.7215463319976438, 
         0.26556585405505967`}, {-0.3637805348584968, -0.13759690450706347`, 
         0.9212658760250161}, {0.7400634551897394, -0.06878219874329108, 
         0.6690105316276144}}, $CellContext`s$$ = False}, 
      "ControllerVariables" :> {
        Hold[$CellContext`s$$, $CellContext`s$17369$$, False]}, 
      "OtherVariables" :> {
       Typeset`show$$, Typeset`bookmarkList$$, Typeset`bookmarkMode$$, 
        Typeset`animator$$, Typeset`animvar$$, Typeset`name$$, 
        Typeset`specs$$, Typeset`size$$, Typeset`update$$, Typeset`initDone$$,
         Typeset`skipInitDone$$}, "Body" :> EventHandler[
        Style[
         Graphics3D[{
           Dynamic[
            If[
             Not[$CellContext`s$$], {
              Opacity[0.75], 
              Sphere[]}, $CellContext`nf$$ = 
              Nearest[$CellContext`pp$$ -> Automatic]; First[
               
               ParametricPlot3D[{
                Cos[$CellContext`u] Sin[$CellContext`v], Sin[$CellContext`u] 
                 Sin[$CellContext`v], 
                 Cos[$CellContext`v]}, {$CellContext`v, 0, 
                 Pi}, {$CellContext`u, 0, 2 Pi}, MaxRecursion -> 
                ControlActive[1, Automatic], PlotPoints -> 
                ControlActive[Automatic, 50], MeshStyle -> None, Mesh -> {
                  Range[3/2, Length[$CellContext`pp$$] - 1/2]}, MeshShading -> 
                Map[Hue, Range[
                    Length[$CellContext`pp$$]]/Length[$CellContext`pp$$]], 
                MeshFunctions -> {First[
                   $CellContext`nf$$[{#, #2, #3}, 1]]& }]]]], 
           Dynamic[
            $CellContext`vd[$CellContext`pp$$]], {Red, 
            Sphere[
             Dynamic[$CellContext`pp$$], 0.05]}}, Boxed -> False, PlotRange -> 
          1.1, Epilog -> Inset[
            Style["Shift+mouseover", FontColor -> Dynamic[
               If[
                CurrentValue["ShiftKey"], Black, Gray]]], {Right, Bottom}, {
            Right, Bottom}], ImageSize -> {Automatic, 400}, RotationAction -> 
          "Clip"], Deployed -> Dynamic[
           CurrentValue["ShiftKey"]]], "MouseMoved" :> If[
          CurrentValue["ShiftKey"], 
          ((Part[$CellContext`pp$$, 
            First[
             Ordering[
              Map[
               Function[$CellContext`pt, 
                
                Dot[$CellContext`pt - #, $CellContext`pt - #]], \
$CellContext`pp$$], 1]]] = #)& )[
           Normalize[
            First[
             MousePosition[
             "Graphics3DBoxIntercepts", {{-1., -1., -1.}, {1., 1., 1.}}]]]]]],
       "Specifications" :> {{{$CellContext`n$$, 4, "number of points"}, 4, 15,
          1, 
         Dynamic[Manipulator[
           
           Dynamic[$CellContext`n$$, 
            If[($CellContext`n$$ = #) < 
             Length[$CellContext`pp$$], $CellContext`pp$$ = 
             Take[$CellContext`pp$$, $CellContext`n$$], $CellContext`pp$$ = 
             Join[$CellContext`pp$$, 
               Map[Normalize, 
                RandomReal[
                 
                 NormalDistribution[], {$CellContext`n$$ - 
                  Length[$CellContext`pp$$], 3}]]]]& ], #2, Appearance -> 
           "Labeled"]& ]}, {{$CellContext`s$$, False, "fill regions"}, {
         True, False}, ControlType -> 
         Checkbox}, {{$CellContext`pp$$, {{
          0.7082890579798903, -0.5274110354762404, -0.4692165917823448}, {
          0.6394104065002012, -0.7215463319976438, 
          0.26556585405505967`}, {-0.3637805348584968, -0.13759690450706347`, 
          0.9212658760250161}, {0.7400634551897394, -0.06878219874329108, 
          0.6690105316276144}}}, 0, ControlType -> None}, {$CellContext`nf$$, 
         0, ControlType -> None}}, "Options" :> {AutorunSequencing -> {2}}, 
      "DefaultOptions" :> {ControllerLinking -> True}],
     ImageSizeCache->{417., {253., 258.}},
     SingleEvaluation->True],
    Deinitialization:>None,
    DynamicModuleValues:>{},
    Initialization:>((
      With[{$CellContext`$TetGenLibrary = 
         FileNameJoin[{$InstallationDirectory, "SystemFiles", "Links", 
            "TetGenLink", "LibraryResources", $SystemID, 
            StringExpression["tetgenWolfram.", 
             Which[
              StringMatchQ[$SystemID, 
               StringExpression["Windows", 
                BlankNullSequence[]]], "dll", 
              StringMatchQ[$SystemID, 
               StringExpression["Mac", 
                BlankNullSequence[]]], "dylib", 
              Blank[], "so"]]}]}, $CellContext`instanceFun = 
         LibraryFunctionLoad[$CellContext`$TetGenLibrary, 
           "newTetGenInstance", {}, Integer]; $CellContext`setPointsFun = 
         LibraryFunctionLoad[$CellContext`$TetGenLibrary, "setPointList", {
           Integer, {Real, 2, "Shared"}}, 
           Integer]; $CellContext`tetrahedralizeFun = 
         LibraryFunctionLoad[$CellContext`$TetGenLibrary, "tetrahedralizeFun",
            LinkObject, LinkObject]; $CellContext`getPointsFun = 
         LibraryFunctionLoad[$CellContext`$TetGenLibrary, "getPointList", {
           Integer}, {Real, 
            Blank[]}]; $CellContext`getFacesFun = 
         LibraryFunctionLoad[$CellContext`$TetGenLibrary, "getFaces", {
           Integer}, {Integer, 2}]; $CellContext`deleteFun = 
         LibraryFunctionLoad[$CellContext`$TetGenLibrary, 
           "deleteTetGenInstance", {Integer}, Integer]]; $CellContext`ch[
         Pattern[$CellContext`pts, 
          Blank[]]] := 
       Module[{$CellContext`inInst, $CellContext`outInst}, \
{$CellContext`inInst, $CellContext`outInst} = 
          Apply[$CellContext`instanceFun, {{}, {}}, {
            1}]; $CellContext`setPointsFun[$CellContext`inInst, 
           Developer`ToPackedArray[
            N[$CellContext`pts]]]; $CellContext`tetrahedralizeFun[
          "-E", $CellContext`inInst, $CellContext`outInst]; ((
          Map[$CellContext`deleteFun, {$CellContext`inInst, \
$CellContext`outInst}]; #)& )[{
            $CellContext`getPointsFun[$CellContext`outInst], \
$CellContext`getFacesFun[$CellContext`outInst] + 1}]]; $CellContext`vd[
         Condition[
          Pattern[$CellContext`pts, 
           Blank[]], Length[$CellContext`pts] > 3]] := 
       Module[{$CellContext`verts, $CellContext`polys, \
$CellContext`voronoiverts, $CellContext`segs}, {$CellContext`verts, \
$CellContext`polys} = $CellContext`ch[$CellContext`pts]; \
$CellContext`voronoiverts = Map[Normalize, 
            Apply[
            Cross[Part[$CellContext`verts, #3] - Part[$CellContext`verts, #], 
              Part[$CellContext`verts, #2] - 
              Part[$CellContext`verts, #]]& , $CellContext`polys, {
             1}]]; $CellContext`segs = Apply[If[Length[
               Apply[Intersection, 
                Part[$CellContext`polys, {
                  SlotSequence[1]}]]] < 2, {}, 
             ParametricPlot3D[
              Evaluate[
               Normalize[
               Part[$CellContext`voronoiverts, #] $CellContext`t + 
                Part[$CellContext`voronoiverts, #2] (
                  1 - $CellContext`t)]], {$CellContext`t, 0, 1}, PlotStyle -> 
              AbsoluteThickness[2]]]& , 
            Subsets[
             Range[
              Length[$CellContext`polys]], {2}], {1}]; First[
           Show[$CellContext`segs]]]); Typeset`initDone$$ = True),
    SynchronousInitialization->True,
    UnsavedVariables:>{Typeset`initDone$$},
    UntrackedVariables:>{Typeset`size$$}], "Manipulate",
   Deployed->True,
   StripOnInput->False],
  Manipulate`InterpretManipulate[1]]], "Output",
 CellID->323401914]
}, {2}]]
}, Open  ]],

Cell[CellGroupData[{

Cell["", "ManipulateCaptionSection"],

Cell["\<\
This Demonstration generates the Voronoi diagram of points on the unit \
sphere. This is done using the fact that the Voronoi vertices are the unit \
normals to the faces of the convex hull. To move the points, hold the Shift \
key and mouseover the 3D graphic.\
\>", "ManipulateCaption",
 CellChangeTimes->{{3.508893075465473*^9, 3.5088930832722535`*^9}, {
  3.5088931349864244`*^9, 3.5088932615840836`*^9}, {3.5088933516390877`*^9, 
  3.508893384054329*^9}, {3.5088934752754498`*^9, 3.5088934803609586`*^9}, {
  3.5088944462515473`*^9, 3.5088944466635885`*^9}, {3.509140056892468*^9, 
  3.509140070625494*^9}, {3.509464345483364*^9, 3.509464345947609*^9}, {
  3.5094644124815807`*^9, 3.509464415871539*^9}}]
}, Open  ]],

Cell[CellGroupData[{

Cell["", "ThumbnailSection"],

Cell[BoxData[
 TagBox[
  StyleBox[
   DynamicModuleBox[{$CellContext`n$$ = 6, $CellContext`nf$$ = 
    NearestFunction[
    1, {6, 3}, 3, {{0.21138601287684247`, 0.8601451304970273, 
     0.8995749695821674, 0.674307164203833, 0.10813016295604487`, 
     0.2829470043498118}, {-0.9458363090254743, -0.4922991222731766, \
-0.06057743826564981, 
     0.5095788553367757, -0.9413711787100058, -0.6443457318757365}, {
     0.24639324278295227`, -0.13338638870331415`, -0.43254508212949766`, \
-0.5344522789707667, -0.31957498611943014`, 0.7104643344623213}}, {{
     0.21138601287684247`, -0.9458363090254743, 0.24639324278295227`}, {
     0.8601451304970273, -0.4922991222731766, -0.13338638870331415`}, {
     0.8995749695821674, -0.06057743826564981, -0.43254508212949766`}, {
     0.674307164203833, 0.5095788553367757, -0.5344522789707667}, {
     0.10813016295604487`, -0.9413711787100058, -0.31957498611943014`}, {
     0.2829470043498118, -0.6443457318757365, 0.7104643344623213}}, Automatic,
      Automatic, 
     Hold[
      Nearest[{{0.21138601287684247`, -0.9458363090254743, 
        0.24639324278295227`}, {
        0.8601451304970273, -0.4922991222731766, -0.13338638870331415`}, {
        0.8995749695821674, -0.06057743826564981, -0.43254508212949766`}, {
        0.674307164203833, 0.5095788553367757, -0.5344522789707667}, {
        0.10813016295604487`, -0.9413711787100058, -0.31957498611943014`}, {
        0.2829470043498118, -0.6443457318757365, 0.7104643344623213}} -> 
       Automatic]]], $CellContext`pp$$ = {{
    0.21138601287684247`, -0.9458363090254743, 0.24639324278295227`}, {
    0.8601451304970273, -0.4922991222731766, -0.13338638870331415`}, {
    0.8995749695821674, -0.06057743826564981, -0.43254508212949766`}, {
    0.674307164203833, 0.5095788553367757, -0.5344522789707667}, {
    0.10813016295604487`, -0.9413711787100058, -0.31957498611943014`}, {
    0.2829470043498118, -0.6443457318757365, 
    0.7104643344623213}}, $CellContext`s$$ = True, Typeset`show$$ = True, 
    Typeset`bookmarkList$$ = {}, Typeset`bookmarkMode$$ = "Menu", 
    Typeset`animator$$, Typeset`animvar$$ = 1, Typeset`name$$ = 
    "\"untitled\"", Typeset`specs$$ = {{{
       Hold[$CellContext`n$$], 6, "number of points"}, 4, 15, 1, 
      Dynamic[Manipulator[
        Dynamic[$CellContext`n$$, 
         If[($CellContext`n$$ = #) < 
          Length[$CellContext`pp$$], $CellContext`pp$$ = 
          Take[$CellContext`pp$$, $CellContext`n$$], $CellContext`pp$$ = 
          Join[$CellContext`pp$$, 
            Map[Normalize, 
             RandomReal[
              
              NormalDistribution[], {$CellContext`n$$ - 
               Length[$CellContext`pp$$], 3}]]]]& ], #2, Appearance -> 
        "Labeled"]& ]}, {{
       Hold[$CellContext`s$$], True, "fill regions"}, {True, False}}, {{
       Hold[$CellContext`pp$$], {{0.21138601287684247`, -0.9458363090254743, 
       0.24639324278295227`}, {
       0.8601451304970273, -0.4922991222731766, -0.13338638870331415`}, {
       0.8995749695821674, -0.06057743826564981, -0.43254508212949766`}, {
       0.674307164203833, 0.5095788553367757, -0.5344522789707667}, {
       0.10813016295604487`, -0.9413711787100058, -0.31957498611943014`}, {
       0.2829470043498118, -0.6443457318757365, 0.7104643344623213}}}, 0}, {{
       Hold[$CellContext`nf$$], 
       NearestFunction[
       1, {6, 3}, 3, {{0.21138601287684247`, 0.8601451304970273, 
        0.8995749695821674, 0.674307164203833, 0.10813016295604487`, 
        0.2829470043498118}, {-0.9458363090254743, -0.4922991222731766, \
-0.06057743826564981, 
        0.5095788553367757, -0.9413711787100058, -0.6443457318757365}, {
        0.24639324278295227`, -0.13338638870331415`, -0.43254508212949766`, \
-0.5344522789707667, -0.31957498611943014`, 0.7104643344623213}}, {{
        0.21138601287684247`, -0.9458363090254743, 0.24639324278295227`}, {
        0.8601451304970273, -0.4922991222731766, -0.13338638870331415`}, {
        0.8995749695821674, -0.06057743826564981, -0.43254508212949766`}, {
        0.674307164203833, 0.5095788553367757, -0.5344522789707667}, {
        0.10813016295604487`, -0.9413711787100058, -0.31957498611943014`}, {
        0.2829470043498118, -0.6443457318757365, 0.7104643344623213}}, 
        Automatic, Automatic, 
        Hold[
         Nearest[{{0.21138601287684247`, -0.9458363090254743, 
           0.24639324278295227`}, {
           0.8601451304970273, -0.4922991222731766, -0.13338638870331415`}, {
           0.8995749695821674, -0.06057743826564981, -0.43254508212949766`}, {
           0.674307164203833, 0.5095788553367757, -0.5344522789707667}, {
           0.10813016295604487`, -0.9413711787100058, -0.31957498611943014`}, \
{0.2829470043498118, -0.6443457318757365, 0.7104643344623213}} -> 
          Automatic]]]}, 0}}, Typeset`size$$ = {368., {198., 202.}}, 
    Typeset`update$$ = 0, Typeset`initDone$$, Typeset`skipInitDone$$ = 
    False, $CellContext`s$17426$$ = False}, 
    DynamicBox[Manipulate`ManipulateBoxes[
     1, StandardForm, 
      "Variables" :> {$CellContext`n$$ = 6, $CellContext`nf$$ = 
        NearestFunction[
         1, {6, 3}, 3, {{0.21138601287684247`, 0.8601451304970273, 
          0.8995749695821674, 0.674307164203833, 0.10813016295604487`, 
          0.2829470043498118}, {-0.9458363090254743, -0.4922991222731766, \
-0.06057743826564981, 
          0.5095788553367757, -0.9413711787100058, -0.6443457318757365}, {
          0.24639324278295227`, -0.13338638870331415`, -0.43254508212949766`, \
-0.5344522789707667, -0.31957498611943014`, 0.7104643344623213}}, {{
          0.21138601287684247`, -0.9458363090254743, 0.24639324278295227`}, {
          0.8601451304970273, -0.4922991222731766, -0.13338638870331415`}, {
          0.8995749695821674, -0.06057743826564981, -0.43254508212949766`}, {
          0.674307164203833, 0.5095788553367757, -0.5344522789707667}, {
          0.10813016295604487`, -0.9413711787100058, -0.31957498611943014`}, {
          0.2829470043498118, -0.6443457318757365, 0.7104643344623213}}, 
          Automatic, Automatic, 
          Hold[
           
           Nearest[{{0.21138601287684247`, -0.9458363090254743, 
             0.24639324278295227`}, {
             0.8601451304970273, -0.4922991222731766, -0.13338638870331415`}, \
{0.8995749695821674, -0.06057743826564981, -0.43254508212949766`}, {
             0.674307164203833, 0.5095788553367757, -0.5344522789707667}, {
             0.10813016295604487`, -0.9413711787100058, \
-0.31957498611943014`}, {0.2829470043498118, -0.6443457318757365, 
             0.7104643344623213}} -> Automatic]]], $CellContext`pp$$ = {{
         0.21138601287684247`, -0.9458363090254743, 0.24639324278295227`}, {
         0.8601451304970273, -0.4922991222731766, -0.13338638870331415`}, {
         0.8995749695821674, -0.06057743826564981, -0.43254508212949766`}, {
         0.674307164203833, 0.5095788553367757, -0.5344522789707667}, {
         0.10813016295604487`, -0.9413711787100058, -0.31957498611943014`}, {
         0.2829470043498118, -0.6443457318757365, 
         0.7104643344623213}}, $CellContext`s$$ = True}, 
      "ControllerVariables" :> {
        Hold[$CellContext`s$$, $CellContext`s$17426$$, False]}, 
      "OtherVariables" :> {
       Typeset`show$$, Typeset`bookmarkList$$, Typeset`bookmarkMode$$, 
        Typeset`animator$$, Typeset`animvar$$, Typeset`name$$, 
        Typeset`specs$$, Typeset`size$$, Typeset`update$$, Typeset`initDone$$,
         Typeset`skipInitDone$$}, "Body" :> EventHandler[
        Style[
         Graphics3D[{
           Dynamic[
            If[
             Not[$CellContext`s$$], {
              Opacity[0.75], 
              Sphere[]}, $CellContext`nf$$ = 
              Nearest[$CellContext`pp$$ -> Automatic]; First[
               
               ParametricPlot3D[{
                Cos[$CellContext`u] Sin[$CellContext`v], Sin[$CellContext`u] 
                 Sin[$CellContext`v], 
                 Cos[$CellContext`v]}, {$CellContext`v, 0, 
                 Pi}, {$CellContext`u, 0, 2 Pi}, MaxRecursion -> 
                ControlActive[1, Automatic], PlotPoints -> 
                ControlActive[Automatic, 50], MeshStyle -> None, Mesh -> {
                  Range[3/2, Length[$CellContext`pp$$] - 1/2]}, MeshShading -> 
                Map[Hue, Range[
                    Length[$CellContext`pp$$]]/Length[$CellContext`pp$$]], 
                MeshFunctions -> {First[
                   $CellContext`nf$$[{#, #2, #3}, 1]]& }]]]], 
           Dynamic[
            $CellContext`vd[$CellContext`pp$$]], {Red, 
            Sphere[
             Dynamic[$CellContext`pp$$], 0.05]}}, Boxed -> False, PlotRange -> 
          1.1, Epilog -> Inset[
            Style["Shift+mouseover", FontColor -> Dynamic[
               If[
                CurrentValue["ShiftKey"], Black, Gray]]], {Right, Bottom}, {
            Right, Bottom}], ImageSize -> {Automatic, 400}, RotationAction -> 
          "Clip"], Deployed -> Dynamic[
           CurrentValue["ShiftKey"]]], "MouseMoved" :> If[
          CurrentValue["ShiftKey"], 
          ((Part[$CellContext`pp$$, 
            First[
             Ordering[
              Map[
               Function[$CellContext`pt, 
                
                Dot[$CellContext`pt - #, $CellContext`pt - #]], \
$CellContext`pp$$], 1]]] = #)& )[
           Normalize[
            First[
             MousePosition[
             "Graphics3DBoxIntercepts", {{-1., -1., -1.}, {1., 1., 1.}}]]]]]],
       "Specifications" :> {{{$CellContext`n$$, 6, "number of points"}, 4, 15,
          1, 
         Dynamic[Manipulator[
           
           Dynamic[$CellContext`n$$, 
            If[($CellContext`n$$ = #) < 
             Length[$CellContext`pp$$], $CellContext`pp$$ = 
             Take[$CellContext`pp$$, $CellContext`n$$], $CellContext`pp$$ = 
             Join[$CellContext`pp$$, 
               Map[Normalize, 
                RandomReal[
                 
                 NormalDistribution[], {$CellContext`n$$ - 
                  Length[$CellContext`pp$$], 3}]]]]& ], #2, Appearance -> 
           "Labeled"]& ]}, {{$CellContext`s$$, True, "fill regions"}, {
         True, False}, ControlType -> 
         Checkbox}, {{$CellContext`pp$$, {{
          0.21138601287684247`, -0.9458363090254743, 0.24639324278295227`}, {
          0.8601451304970273, -0.4922991222731766, -0.13338638870331415`}, {
          0.8995749695821674, -0.06057743826564981, -0.43254508212949766`}, {
          0.674307164203833, 0.5095788553367757, -0.5344522789707667}, {
          0.10813016295604487`, -0.9413711787100058, -0.31957498611943014`}, {
          0.2829470043498118, -0.6443457318757365, 0.7104643344623213}}}, 0, 
         ControlType -> None}, {{$CellContext`nf$$, 
          NearestFunction[
          1, {6, 3}, 3, {{0.21138601287684247`, 0.8601451304970273, 
           0.8995749695821674, 0.674307164203833, 0.10813016295604487`, 
           0.2829470043498118}, {-0.9458363090254743, -0.4922991222731766, \
-0.06057743826564981, 
           0.5095788553367757, -0.9413711787100058, -0.6443457318757365}, {
           0.24639324278295227`, -0.13338638870331415`, \
-0.43254508212949766`, -0.5344522789707667, -0.31957498611943014`, 
           0.7104643344623213}}, {{0.21138601287684247`, -0.9458363090254743, 
           0.24639324278295227`}, {
           0.8601451304970273, -0.4922991222731766, -0.13338638870331415`}, {
